0 0.156655 0.711732 0.195566 0.711732 0.195566 0.733970 0.156655 0.733970
0 0.194621 0.628219 0.225942 0.628219 0.225942 0.639880 0.194621 0.639880
0 0.257277 0.708060 0.302187 0.708060 0.302187 0.719721 0.257277 0.719721
0 0.298797 0.435664 0.343055 0.435664 0.343055 0.447730 0.298797 0.447730
0 0.725312 0.278866 0.760016 0.278866 0.760016 0.298494 0.725312 0.298494
0 0.617948 0.369337 0.658095 0.369337 0.658095 0.377381 0.617948 0.377381
0 0.572515 0.435664 0.607240 0.435664 0.607240 0.447730 0.572515 0.447730
0 0.701156 0.637543 0.784172 0.637543 0.784172 0.657170 0.701156 0.657170
0 0.154336 0.230988 0.197885 0.230988 0.197885 0.253226 0.154336 0.253226
1 0.154545 0.489025 0.197676 0.489025 0.197676 0.511264 0.154545 0.511264
1 0.227985 0.122346 0.281775 0.122346 0.281775 0.143745 0.227985 0.143745
1 0.317862 0.122346 0.369610 0.122346 0.369610 0.143745 0.317862 0.143745
1 0.480595 0.122346 0.530300 0.122346 0.530300 0.143745 0.480595 0.143745
1 0.561621 0.122346 0.613368 0.122346 0.613368 0.143745 0.561621 0.143745
1 0.644689 0.122346 0.693032 0.122346 0.693032 0.143745 0.644689 0.143745
1 0.293350 0.803408 0.347821 0.803408 0.347821 0.826977 0.293350 0.826977
1 0.390717 0.803408 0.445869 0.803408 0.445869 0.826977 0.390717 0.826977
1 0.479914 0.803408 0.538470 0.803408 0.538470 0.826977 0.479914 0.826977
1 0.574557 0.803408 0.633795 0.803408 0.633795 0.826977 0.574557 0.826977
1 0.669882 0.803408 0.731843 0.803408 0.731843 0.826977 0.669882 0.826977
1 0.193259 0.803408 0.256582 0.803408 0.256582 0.826977 0.193259 0.826977
